2.815737044193248
2.815725383245247
2.8157059483939504
2.8156787397324123
2.8156437573909114
2.8156010015369533
2.815550472375261
2.8154921701477877
2.815426095133706
2.8153522476494195
2.8152706280485575
2.8151812367219766
2.815084074097763
2.8149791406412366
2.814866436854946
2.814745963278676
2.814617720489445
2.814481709101513
2.8143379297663746
2.8141863831727694
2.8140270700466794
2.813859991151335
2.813685147287211
2.8135025392920356
2.813312168040794
2.813114034445722
2.8129081394563205
2.8126944840593486
2.812473069278834
2.812243896176074
2.8120069658496365
2.8117622794353654
2.811509838106387
2.811249643073107
2.810981695583222
2.8107059969217185
2.8104225484108785
2.8101313514102855
2.809832407316823
2.8095257175646884
2.8092112836253893
2.808889107007752
2.8085591892579274
2.8082215319593913
2.807876136732955
2.8075230052367677
2.8071621391663224
2.8067935402544593
2.8064172102713774
2.806033151024633
2.8056413643591513
2.805241852157228
2.804834616338539
2.804419658860143
2.8039969817164927
2.8035665869394357
2.803128476598227
2.802682652799531
2.8022291176874305
2.8017678734434335
2.801298922286479
2.8008222664729465
2.800337908296664
2.7998458500889103
2.799346094218431
2.7988386430914365
2.798323499151619
2.797800664880155
2.7972701427957136
2.796731935454469
2.7961860454501046
2.795632475413824
2.7950712280143564
2.794502305957973
2.7939257119884866
2.7933414488872637
2.7927495194732423
2.7921499266029257
2.791542673170405
2.790927762107364
2.790305196383087
2.789674979004475
2.7890371130160445
2.788391601499952
2.7877384475759914
2.787077654401617
2.7864092251719392
2.7857331631197493
2.785049471515522
2.784358153667429
2.7836592129213527
2.7829526526608896
2.78223847630737
2.7815166873198693
2.7807872891952115
2.7800502854679903
2.7793056797105775
2.778553475533134
2.777793676583622
2.777026286547821
2.7762513091493393
2.775468748149619
2.7746786073479632
2.7738808905815375
2.7730756017253873
2.7722627446924495
2.771442323433572
2.7706143419375167
2.7697788042309828
2.7689357143786175
2.768085076483028
2.7672268946847978
2.7663611731625024
2.7654879161327206
2.7646071278500526
2.763718812607131
2.76282297473464
2.7619196186013264
2.7610087486140205
2.760090369217644
2.7591644848952344
2.7582311001679525
2.757290219595103
2.756341847774152
2.7553859893407378
2.7544226489686925
2.753451831370058
2.752473541295096
2.75148778353232
2.7504945629084934
2.7494938842886607
2.7484857525761597
2.7474701727126405
2.7464471496780822
2.745416688490811
2.7443787942075186
2.7433334719232807
2.7422807267715763
2.7412205639243017
2.7401529885917992
2.7390780060228637
2.7379956215047705
2.736905840363292
2.735808667962717
2.73470410970587
2.7335921710341338
2.732472857427464
2.731346174404415
2.7302121275221585
2.729070722376501
2.7279219646019084
2.7267658598715276
2.7256024138972035
2.7244316324295026
2.723253521257734
2.722068086209973
2.720875333153081
2.7196752679927285
2.7184678966734137
2.717253225178493
2.7160312595301934
2.714802005789646
2.713565470056899
2.7123216584709504
2.7110705772097634
2.709812232490292
2.708546630568507
2.707273777739421
2.705993680337112
2.7047063447347384
2.7034117773445807
2.7021099846180516
2.700800973045728
2.6994847491573775
2.6981613195219762
2.696830690747744
2.695492869482161
2.6941478624120045
2.6927956762633625
2.6914363178016703
2.6900697938317344
2.688696111197753
2.6873152767833566
2.6859272975116224
2.6845321803451068
2.6831299322858744
2.6817205603755263
2.680304071695223
2.6788804733657194
2.67744977254739
2.676011976440259
2.6745670922840272
2.6731151273581033
2.671656088981634
2.670189984513534
2.6687168213525125
2.667236606937106
2.6657493487457087
2.6642550542966057
2.662753731147999
2.6612453868980412
2.659730029184866
2.658207665686622
2.656678304121503
2.6551419522477824
2.6535986178638375
2.6520483088081943
2.6504910329595512
2.6489267982368183
2.647355612599143
2.6457774840459503
2.6441924206169785
2.642600430392303
2.6410015214923814
2.6393957020780845
2.637782980350726
2.6361633645521083
2.6345368629645476
2.6329034839109164
2.6312632357546755
2.6296161268999123
2.6279621657913763
2.626301360914516
2.624633720795518
2.6229592540013407
2.6212779691397525
2.619589874859374
2.6178949798497095
2.6161932928411895
2.614484822605212
2.6127695779541713
2.61104756774151
2.6093188008617494
2.6075832862505344
2.6058410328846677
2.604092049782158
2.602336346002254
2.600573930645491
2.598804812853726
2.597029001810183
2.5952465067394943
2.593457336907744
2.5916615016225064
2.5898590102328938
2.588049872129595
2.586234096744922
2.5844116935528514
2.582582672069069
2.580747041851016
2.5789048124979295
2.577055993650893
2.5752005949928747
2.5733386262487783
2.5714700971854874
2.569595017611911
2.5677133973790323
2.5658252463799505
2.5639305745499334
2.5620293918664614
2.560121708349279
2.558207534060435
2.556286879104343
2.554359753627818
2.5524261678201343
2.550486131913071
2.5485396561809606
2.5465867509407443
2.544627426552016
2.5426616934170805
2.5406895619809955
2.5387110427316335
2.5367261461997237
2.534734882958912
2.5327372636258096
2.530733298860049
2.52872299936433
2.5267063758844848
2.5246834392095217
2.522654200171687
2.520618669646514
2.518576858552881
2.5165287778530683
2.5144744385528104
2.512413851701355
2.5103470283915192
2.508273979759746
2.5061947169861614
2.504109251294635
2.5020175939528326
2.4999197562722806
2.4978157496084226
2.4957055853606778
2.4935892749725013
2.4914668299314466
2.489338261769223
2.4872035820617566
2.4850628024292565
2.482915934536271
2.4807629900917494
2.4786039808491127
2.476438918606306
2.474267815205869
2.472090682534997
2.469907532525608
2.4677183771544047
2.465523228442937
2.463322098457676
2.461114999310072
2.458901943156623
2.4566829421989467
2.4544580086838383
2.452227154903345
2.449990393194835
2.4477477359410638
2.4454991955702376
2.443244784556096
2.44098451541797
2.438718400720856
2.436446453075491
2.4341686851384186
2.431885109612063
2.429595739244801
2.4273005868310356
2.4249996652112653
2.4226929872721654
2.420380565946654
2.4180624142139715
2.4157385450997553
2.413408971676113
2.4110737070617003
2.4087327644217984
2.406386156968388
2.4040338979602316
2.401676000702946
2.399312478549086
2.396943344898217
2.394568613197005
2.392188296939284
2.389802409666147
2.3874109649660196
2.385013976474748
2.3826114578756745
2.3802034228997266
2.377789885325494
2.3753708589793203
2.372946357735377
2.370516395515756
2.368080986290552
2.3656401440779473
2.363193882944301
2.3607422170042334
2.358285160420715
2.3558227274051546
2.353354932217483
2.3508817891662495
2.348403312608707
2.3459195169509024
2.34343041664777
2.3409360262032166
2.3384363601702236
2.3359314331509275
2.3334212597967223
2.330905854808348
2.3283852329359878
2.3258594089793574
2.32332839778781
2.3207922142604205
2.3182508733460914
2.315704390043644
2.31315277940192
2.310596056519878
2.3080342365466904
2.305467334681844
2.3028953661752465
2.3003183463273142
2.2977362904890843
2.295149214062315
2.2925571324995815
2.2899600613043845
2.2873580160312548
2.2847510122858563
2.282139065725087
2.279522192057193
2.2769004070418633
2.274273726490351
2.2716421662655657
2.2690057422821934
2.266364470506803
2.2637183669579453
2.261067447706281
2.2584117288746746
2.2557512266383166
2.2530859572248336
2.2504159369143943
2.247741182039832
2.245061708986754
2.2423775341936567
2.239688674152041
2.236995145406529
2.2342969645549817
2.231594148248612
2.228886713192108
2.22617467614375
2.2234580539155306
2.2207368633732707
2.2180111214367466
2.2152808450798074
2.2125460513305004
2.2098067572711892
2.2070629800386814
2.204314736824354
2.2015620448742754
2.1988049214893293
2.1960433840253493
2.1932774498932375
2.190507136559098
2.187732461544362
2.184953442425921
2.182170096836251
2.179382442463552
2.176590497051871
2.173794278401241
2.17099380436781
2.168189092863976
2.1653801618585202
2.1625670293767487
2.159749713500619
2.1569282323688843
2.154102604177225
2.151272847178397
2.1484389796823575
2.145601020056414
2.1427589867253656
2.139912898171637
2.1370627729354266
2.13420862961485
2.1313504868660798
2.1284883634034917
2.1256222779998115
2.1227522494862594
2.1198782967526966
2.117000438747773
2.1141186944790795
2.11123308301329
2.1083436234763178
2.105450335053464
2.1025532369895665
2.0996523485891587
2.096747689216616
2.093839278296314
2.0909271353127834
2.0880112798108637
2.085091731395856
2.082168509733692
2.0792416345510785
2.0763111256356663
2.0733770028362035
2.0704392860626983
2.067497995286581
2.064553150540867
2.061604771920316
2.0586528795816
2.055697493743465
2.0527386346868965
2.0497763227552874
2.046810578354606
2.0438414219535592
2.0408688740837664
2.037892955339927
2.034913686379988
2.031931087925321
2.02894518076089
2.025955985735427
2.0229635237616006
2.0199678158161976
2.016968882940294
2.013966746239433
2.0109614268837976
2.0079529461083987
2.004941325213242
2.001926585563516
1.998908748589768
1.995887835788087
1.992863868720285
1.9898368690140842
1.9868068583632912
1.9837738585279927
1.9807378913347342
1.977698978676707
1.974657142513936
1.9716124048734718
1.9685647878495711
1.9655143136038933
1.9624610043656874
1.9594048824319856
1.9563459701677943
1.953284290006288
1.9502198644489983
1.9471527160660183
1.9440828674961868
1.9410103414472937
1.937935160696273
1.934857348089399
1.9317769265424898
1.9286939190411019
1.9256083486407365
1.9225202384670335
1.919429611715978
1.9163364916541041
1.9132409016186966
1.9101428650179926
1.9070424053313935
1.9039395461096629
1.9008343109751427
1.8977267236219517
1.894616807816201
1.8915045873961978
1.8883900862726584
1.8852733284289187
1.8821543379211463
1.8790331388785482
1.8759097555035926
1.8727842120722131
1.8696565329340293
1.8665267425125602
1.8633948653054404
1.8602609258846365
1.857124948896666
1.8539869590628115
1.8508469811793484
1.8477050401177526
1.8445611608249302
1.8414153683234358
1.838267687711692
1.835118144164215
1.831966762931836
1.828813569341925
1.8256585887986168
1.8225018467830352
1.8193433688535166
1.81618318064584
1.8130213078734527
1.8098577763276948
1.8066926118780364
1.803525840472294
1.800357488136872
1.797187580976982
1.7940161451768848
1.790843207000109
1.7876687927896948
1.7844929289684188
1.7813156420390281
1.778136958584476
1.774956905268154
1.7717755088341267
1.7685927961073666
1.7654087939939902
1.7622235294814932
1.7590370296389854
1.7558493216174305
1.7526604326498805
1.7494703900517141
1.7462792212208778
1.7430869536381177
1.7398936148672233
1.736699232555266
1.7335038344328375
1.7303074483142877
1.7271101020979707
1.7239118237664763
1.720712641386879
1.717512583110974
1.7143116771755205
1.7111099519024808
1.707907435699263
1.7047041570589643
1.70150014456061
1.6982954268693975
1.6950900327369365
1.6918839910014947
1.6886773305882354
1.6854700805094636
1.6822622698648664
1.6790539278417556
1.6758450837153147
1.672635766848829
1.6694260066939433
1.6662158327908936
1.6630052747687534
1.6597943623456748
1.6565831253291294
1.6533715936161526
1.6501597971935822
1.6469477661383014
1.6437355306174783
1.64052312088881
1.637310567300757
1.6340979002927913
1.6308851503956272
1.6276723482314674
1.6244595245142395
1.6212467100498327
1.618033935736339
1.614821232564287
1.6116086316168838
1.6083961640702424
1.6051838611936278
1.6019717543496854
1.5987598749946763
1.5955482546787108
1.5923369250459827
1.5891259178349975
1.5859152648788082
1.582704998105244
1.5794951495371348
1.5762857512925479
1.5730768355850067
1.5698684347237246
1.5666605811138241
1.5634533072565646
1.5602466457495627
1.5570406292870163
1.5538352906599235
1.5506306627563018
1.5474267785614046
1.5442236711579416
1.5410213737262883
1.537819919544705
1.5346193419895418
1.531419674535456
1.528220950755616
1.5250232043219107
1.5218264690051517
1.518630778675281
1.5154361673015693
1.5122426689528152
1.5090503177975456
1.5058591481042098
1.5026691942413717
1.4994804906779045
1.4962930719831777
1.4931069728272433
1.489922227981021
1.486738872316484
1.483556940806833
1.4803764685266785
1.477197490652212
1.474020042461381
1.4708441593340555
1.4676698767521976
1.4644972303000239
1.4613262556641664
1.4581569886338306
1.4549894651009496
1.4518237210603389
1.4486597926098415
1.4454977159504752
1.4423375273865726
1.4391792633259228
1.4360229602799053
1.4328686548636207
1.4297163837960192
1.426566183900023
1.423418092102649
1.420272145435127
1.4171283810330082
1.4139868361362737
1.410847548089443
1.4077105543416677
1.4045758924468352
1.401443600063653
1.3983137149557374
1.3951862749916992
1.3920613181452157
1.388938882495109
1.3858190062254085
1.3827017276254188
1.379587085089773
1.3764751171184884
1.3733658623170146
1.370259359396272
1.3671556471726916
1.3640547645682444
1.3609567506104663
1.3578616444324791
1.354769485273005
1.3516803124763712
1.348594165492514
1.3455110838769713
1.3424311072908761
1.339354275500936
1.3362806283794086
1.3332102059040727
1.330143048158192
1.3270791953304673
1.3240186877149867
1.3209615657111682
1.3179078698236932
1.3148576406624328
1.3118109189423688
1.3087677454835036
1.305728161210764
1.3026922071539002
1.2996599244473703
1.296631354330225
1.293606538145971
1.290585517342443
1.2875683334716548
1.2845550281896447
1.2815456432563117
1.278540220535249
1.2755388019935558
1.2725414297016555
1.269548145833087
1.2665589926643044
1.2635740125744528
1.2605932480451414
1.2576167416602086
1.2546445361054663
1.2516766741684486
1.2487131987381392
1.2457541528046912
1.2427995794591382
1.2398495218930945
1.2369040233984376
1.2339631273669935
1.2310268772901944
1.2280953167587372
1.225168489462223
1.2222464391887888
1.2193292098247281
1.2164168453540944
1.2135093898582985
1.210606887515686
1.207709382601112
1.204816919485492
1.2019295426353522
1.199047296612354
1.1961702260728129
1.1932983757672053
1.1904317905396564
1.1875705153274148
1.1847145951603206
1.1818640751602476
1.1790190005405452
1.176179416605448
1.1733453687494912
1.1705169024568969
1.1676940633009476
1.1648768969433498
1.1620654491335785
1.1592597657082044
1.1564598925902125
1.1536658757882965
1.1508777613961418
1.1480955955916925
1.1453194246364007
1.1425492948744609
1.1397852527320231
1.1370273447163952
1.1342756174152258
1.1315301174956685
1.1287908917035292
1.1260579868623974
1.1233314498727602
1.1206113277110945
1.1178976674289451
1.115190516151983
1.1124899210790429
1.1097959294811512
1.1071085887005185
1.1044279461495317
1.1017540493097162
1.099086945730676
1.0964266830290281
1.0937733088872992
1.0911268710528195
1.0884874173365862
1.0858549956121055
1.0832296538142272
1.0806114399379396
1.0780004020371625
1.0753965882235066
1.0728000466650196
1.0702108255849034
1.0676289732602187
1.0650545380205618
1.0624875682467252
1.0599281123693292
1.0573762188674383
1.0548319362671537
1.052295313140182
1.049766398102382
1.0472452398122918
1.0447318869696294
1.0422263883137743
1.039728792622223
1.0372391487090218
1.034757505423182
1.0322839116470635
1.0298184162947417
1.0273610683103451
1.0249119166663765
1.022471010362006
1.0200383984213386
1.0176141298916606
1.0151982538416648
1.0127908193596462
1.0103918755516734
1.0080014715397452
1.0056196564599058
1.003246479460357
1.0008819896995256
0.9985262363441179
0.9961792685671502
0.9938411355459464
0.9915118864601171
0.9891915704895167
0.9868802368121656
0.9845779346021573
0.9822847130275358
0.9800006212481489
0.9777257084134765
0.9754600236604352
0.9732036161111557
0.9709565348707374
0.9687188290249775
0.9664905476380725
0.9642717397502976
0.9620624543756624
0.9598627404995381
0.9576726470762604
0.9554922230267104
0.9533215172358691
0.9511605785503454
0.9490094557758808
0.9468681976748317
0.9447368529636224
0.942615470310179
0.9405040983313337
0.9384027855902095
0.9363115805935771
0.9342305317891895
0.9321596875630935
0.9300990962369138
0.9280488060651197
0.92600886523226
0.923979321850183
0.9219602239552274
0.919951619505391
0.9179535563774806
0.9159660823642339
0.913989245171422
0.9120230924149293
0.9100676716178107
0.9081230302073278
0.9061892155119617
0.904266274758408
0.9023542550685468
0.9004532034563941
0.8985631668250316
0.8966841919635187
0.8948163255437809
0.89295961411748
0.8911141041128683
0.8892798418316168
0.8874568734456305
0.8856452449938435
0.8838450023789961
0.8820561913643945
0.8802788575706522
0.8785130464724156
0.8767588033950731
0.8750161735114468
0.8732852018384709
0.8715659332338532
0.8698584123927213
0.8681626838442549
0.8664787919483061
0.864806780892003
0.8631466946863429
0.8614985771627703
0.8598624719697474
0.8582384225693072
0.856626472233601
0.855026664041431
0.853439040874777
0.8518636454153103
0.8503005201409006
0.8487497073221146
0.8472112490187054
0.8456851870760969
0.8441715631218605
0.8426704185621847
0.8411817945783417
0.8397057321231483
0.8382422719174216
0.8367914544464341
0.8353533199563603
0.8339279084507292
0.832515259686869
0.8311154131723535
0.8297284081614467
0.8283542836515494
0.8269930783796484
0.8256448308187647
0.8243095791744048
0.8229873613810168
0.8216782150984505
0.8203821777084197
0.8190992863109754
0.8178295777209772
0.8165730884645803
0.8153298547757244
0.8140999125926331
0.8128832975543239
0.8116800449971249
0.810490189951206
0.8093137671371184
0.8081508109623499
0.807001355517891
0.8058654345748149
0.8047430815808732
0.8036343296571082
0.8025392115944785
0.8014577598505048
0.8003900065459313
0.7993359834614084
0.7982957220341924
0.7972692533548678
0.7962566081640885
0.7952578168493438
0.7942729094417444
0.793301915612834
0.7923448646714253
0.7914017855604603
0.7904727068538935
0.7895576567536142
0.7886566630863796
0.7877697533007868
0.7868969544642734
0.7860382932601468
0.7851937959846411
0.7843634885440134
0.783547396451663
0.7827455448252936
0.781957958384101
0.7811846614460021
0.7804256779248928
0.7796810313279519
0.7789507447529711
0.7782348408857298
0.7775333419974078
0.7768462699420329
0.7761736461539754
0.7755154916454787
0.7748718270042303
0.7742426723909783
0.7736280475371913
0.773027971742756
0.7724424638737264
0.7718715423601121
0.7713152251937163
0.7707735299260159
0.7702464736660923
0.769734073078606
0.7692363443818229
0.7687533033456864
0.768284965289938
0.7678313450822916
0.7673924571366544
0.7669683154113986
0.766558933407689
0.7661643241678546
0.7657845002738217
0.7654194738455911
0.7650692565397763
0.7647338595481881
0.7644132935964805
0.7641075689428458
0.7638166953767678
0.7635406822178292
0.7632795383145738
0.7630332720434283
0.7628018913076746
0.7625854035364859
0.7623838156840155
0.762197134228543
0.7620253651716808
0.7618685140376338
0.7617265858725248
0.7615995852437685
0.7614875162395134
0.7613903824681361
0.7613081870577958
0.7612409326560519
0.7611886214295343
0.7611512550636759
0.7611288347625074
-17285356737458229e-31
